14
Montreal
1
23
17
3
6
4
2
1
2
3
2
1
5
2
8
Los_Angeles
1
13
21
3
5
3
2
1
2
1
4
0
5
2
4
3
6
11
10
Rio_de_Janeiro
1
30
35
4
4
2
2
2
3
2
4
0
8
1
4
3
7
9
9
Paris
1
40
17
3
5
2
3
1
1
1
5
1
6
2
7
4
4
5
5
8
8
Stockholm
1
44
13
2
4
2
3
1
2
2
3
3
4
8
6
11
9
Kiev
1
46
16
2
4
2
3
1
4
4
3
3
5
7
10
10
7
Dubai
1
52
23
6
3
2
3
1
1
1
3
7
3
11
6
13
5
Le_Caire
1
47
22
3
2
2
3
1
2
2
3
5
10
6
3
9
6
Lagos
1
41
28
1
2
2
1
2
2
3
2
3
8
4
6
Le_Cap
1
44
38
2
4
3
2
1
3
2
4
2
9
7
6
12
8
13
7
Pekin
1
67
18
4
4
3
3
1
2
2
2
5
7
11
3
Seoul
1
69
20
4
2
2
2
1
2
3
5
1
10
4
9
6
6
10
3
12
2
Tokyo-Haneda
1
72
20
4
3
3
2
1
1
1
3
9
8
11
2
13
9
Sydney
1
74
38
4
3
3
2
1
1
1
3
6
5
9
7
12
9
